['--hidden_dim', '8', '--episodes', '500', '--gamma', '0.9', '--learning_rate', '0.001']
average reward: 257.84, rewards = [342 217 232 301 251 186 388 337 211 191 199 233 218 341 273 191 247 310
 226 189 238 215 293 234 267 237 250 202 331 288 266 203 223 201 301 398
 192 201 233 266 312 519 275 246 263 253 310 256 304 223 197 212 215 300
 336 281 195 215 214 279 258 279 235 228 221 258 230 272 249 215 235 207
 219 242 330 332 246 229 241 212 217 204 231 228 237 291 283 199 194 289
 231 254 372 220 313 297 286 229 439 305]

['--hidden_dim', '8', '--episodes', '500', '--gamma', '0.9', '--learning_rate', '0.01']
average reward: 111.3, rewards = [111 115 110 110 111 112 116 116 107 106 111 109 107 114 118 114 115 107
 110 108 110 108 111 114 104 107 112 113 110 118 113 118 117 107 115 107
 109 108 111 108 110 110 110 115 113 113 110 113 113 106 114 115 114 109
 112 114 109 110 113 117 112 112 112 112 115 119 112 114 109 112 107 109
 116 106 107 108 111 112 107 109 106 114 108 114 108 109 114 110 110 114
 112 107 119 109 109 113 111 113 115 107]

['--hidden_dim', '8', '--episodes', '500', '--gamma', '0.9', '--learning_rate', '0.1']
average reward: 110.99, rewards = [114 116 107 113 112 110 112 108 109 108 109 111 112 108 109 111 115 111
 105 110 113 112 105 111 111 114 112 107 113 114 113 114 115 115 116 107
 112 110 114 112 107 112 116 111 114 108 111 110 107 110 111 111 114 110
 114 110 111 112 111 107 114 116 110 110 108 118 107 112 109 106 107 113
 111 113 110 108 111 106 107 115 114 108 112 113 113 107 107 112 115 109
 108 112 114 117 112 113 109 105 111 110]

['--hidden_dim', '8', '--episodes', '500', '--gamma', '0.95', '--learning_rate', '0.001']
average reward: 281.76, rewards = [223 267 211 339 232 234 247 287 202 279 277 305 220 237 261 286 331 251
 246 226 284 341 293 401 233 324 334 262 267 278 226 384 268 397 210 304
 247 262 334 259 276 258 217 319 303 233 222 348 239 253 234 247 326 252
 428 278 333 255 288 410 342 472 261 217 357 213 231 320 225 247 268 284
 243 241 233 386 320 344 222 239 368 324 232 371 248 247 209 304 242 287
 355 231 318 366 330 228 233 227 298 305]

['--hidden_dim', '8', '--episodes', '500', '--gamma', '0.95', '--learning_rate', '0.01']
average reward: 201.19, rewards = [178 170 291 204 166 181 184 183 157 212 185 174 160 190 171 181 228 158
 246 191 196 290 154 189 190 222 232 220 229 200 160 219 195 203 342 175
 166 231 204 236 213 159 242 170 229 154 242 284 211 341 303 179 153 214
 179 196 194 237 177 225 194 214 223 192 209 199 270 179 158 217 226 199
 154 240 234 206 214 252 148 189 162 194 167 169 156 225 221 183 208 178
 197 165 154 145 210 258 174 166 156 149]

['--hidden_dim', '8', '--episodes', '500', '--gamma', '0.95', '--learning_rate', '0.1']
average reward: 279.64, rewards = [321 290 256 271 207 242 320 316 242 239 223 379 304 378 236 305 429 283
 223 493 229 274 229 354 248 222 318 252 372 321 278 290 216 214 290 314
 338 314 303 238 229 236 219 255 263 405 272 223 281 217 314 353 277 312
 242 225 426 287 221 221 277 319 272 220 252 235 292 232 252 218 284 384
 303 235 248 214 235 282 248 241 244 270 242 435 294 218 229 227 252 467
 218 297 223 398 290 384 286 248 223 227]

['--hidden_dim', '8', '--episodes', '500', '--gamma', '0.99', '--learning_rate', '0.001']
average reward: 220.67, rewards = [219 254 295 276 135 167 142 290 163 261 139 155 144 165 193 256 239 236
 322 144 206 218 253 260 145 160 161 249 132 233 240 326 174 144 154 233
 318 221 225 137 305 357 169 173 419 216 288 256 237 216 140 201 263 302
 373 138 249 206 236 188 144 272 135 379 143 288 142 334 131 144 313 140
 197 151 226 339 205 203 146 155 293 241 164 167 158 206 269 271 191 160
 222 276 276 398 231 161 350 221 139 170]

['--hidden_dim', '8', '--episodes', '500', '--gamma', '0.99', '--learning_rate', '0.01']
average reward: 247.96, rewards = [222 181 249 354 355 172 305 225 255 229 179 193 241 255 354 312 323 344
 273 221 264 234 303 187 256 179 214 399 274 196 310 212 263 301 241 308
 225 224 265 209 203 219 243 245 257 196 231 200 401 223 252 226 232 203
 239 204 195 234 255 183 276 256 280 349 242 327 227 196 188 272 164 235
 326 365 187 203 193 220 236 271 219 192 270 189 269 252 172 274 225 231
 224 284 172 185 216 220 442 290 249 261]

['--hidden_dim', '8', '--episodes', '500', '--gamma', '0.99', '--learning_rate', '0.1']
average reward: 111.29, rewards = [109 108 107 110 118 116 110 111 111 111 112 112 109 108 108 114 108 107
 109 108 112 116 115 109 111 113 111 111 108 107 113 108 112 110 112 117
 107 110 107 109 112 105 108 113 115 117 113 110 114 109 116 114 108 114
 112 108 112 114 108 113 110 107 113 109 109 113 113 114 112 117 116 113
 114 113 112 111 109 112 112 114 111 105 113 109 111 106 111 110 112 113
 113 112 116 115 111 118 112 107 110 112]

['--hidden_dim', '8', '--episodes', '1500', '--gamma', '0.9', '--learning_rate', '0.001']
average reward: 203.94, rewards = [120 125 125 136 227 130 143 125 347 127 131 252 316 138 122 147 115 252
 285 352 118 124 298 120 205 207 427 270 121 116 121 294 219 147 138 116
 261 237 122 130 117 207 261 370 253 128 222 230 122 329 242 274 241 264
 264 244 119 116 221 137 436 115 300 484 127 206 229 127 354 280 146 131
 122 164 131 236 227 292 119 127 119 220 118 145 224 151 113 223 117 126
 258 410 243 245 316 245 255 127 274 245]

['--hidden_dim', '8', '--episodes', '1500', '--gamma', '0.9', '--learning_rate', '0.01']
average reward: 111.23, rewards = [114 109 109 112 118 112 113 112 111 112 116 117 108 109 113 114 111 110
 107 112 108 106 111 110 109 111 114 107 109 115 110 114 113 116 107 107
 109 111 114 116 110 109 110 105 109 109 110 107 108 115 111 115 109 109
 117 114 112 115 108 115 106 106 110 109 112 111 113 113 107 114 109 110
 110 114 114 110 113 113 111 117 112 105 108 113 106 115 115 113 110 114
 118 107 110 110 113 107 114 112 111 115]

['--hidden_dim', '8', '--episodes', '1500', '--gamma', '0.9', '--learning_rate', '0.1']
average reward: 283.98, rewards = [293 278 215 232 337 318 244 342 241 216 221 214 312 213 244 208 259 348
 259 226 265 585 477 257 460 302 262 254 250 216 294 283 296 226 263 222
 362 249 247 212 297 253 339 233 216 217 236 263 431 297 294 272 217 226
 379 321 223 223 273 357 512 262 274 225 265 357 217 223 289 249 353 359
 216 206 461 326 274 271 293 211 452 231 242 367 254 259 328 269 361 257
 218 215 467 260 224 261 216 253 311 341]

['--hidden_dim', '8', '--episodes', '1500', '--gamma', '0.95', '--learning_rate', '0.001']
average reward: 182.71, rewards = [127 126 120 125 122 237 116 114 143 128 227 131 117 168 307 122 121 129
 305 262 114 136 278 312 142 328 176 111 221 257 167 114 170 388 183 108
 120 153 273 115 278 242 119 142 110 225 185 218 185 128 151 265 141 222
 112 112 141 115 159 249 338 115 160 117 115 192 149 221 125 257 113 314
 160 321 141 138 275 139 121 279 214 205 119 120 197 189 161 130 131 152
 275 110 250 115 178 333 112 227 387 264]

['--hidden_dim', '8', '--episodes', '1500', '--gamma', '0.95', '--learning_rate', '0.01']
average reward: 273.75, rewards = [300 243 224 305 230 275 247 277 231 279 325 209 242 234 216 233 267 276
 364 254 411 212 286 341 204 304 315 246 220 328 239 275 296 220 236 227
 218 255 287 374 320 256 205 240 258 271 262 222 218 278 223 257 235 205
 345 239 263 322 223 273 224 219 225 218 296 342 255 261 392 258 283 241
 393 347 219 245 275 289 313 231 274 308 304 349 268 300 225 295 302 281
 332 278 226 591 291 316 256 292 299 222]

['--hidden_dim', '8', '--episodes', '1500', '--gamma', '0.95', '--learning_rate', '0.1']
average reward: 111.85, rewards = [113 111 112 107 113 113 106 109 112 111 112 113 109 108 111 114 107 115
 117 111 110 113 111 112 113 115 115 107 115 112 111 117 113 110 116 118
 116 114 114 107 111 115 109 109 117 109 115 113 107 116 113 108 110 116
 113 116 113 114 113 108 106 117 118 112 111 110 111 110 106 112 117 108
 104 111 117 113 110 114 110 111 110 110 109 112 109 114 112 106 116 118
 108 115 110 108 112 112 108 111 114 115]

['--hidden_dim', '8', '--episodes', '1500', '--gamma', '0.99', '--learning_rate', '0.001']
average reward: 111.2, rewards = [108 110 106 116 117 113 110 108 111 111 109 107 107 106 117 109 110 106
 117 108 111 117 108 115 114 109 111 109 112 113 115 106 110 106 108 112
 111 113 119 113 113 107 112 109 107 113 110 114 110 107 113 113 110 114
 110 115 112 111 107 115 113 110 113 118 107 113 109 108 108 109 108 115
 117 110 112 108 113 107 107 110 113 118 116 112 106 108 118 108 116 111
 108 112 116 115 115 109 109 107 113 115]

['--hidden_dim', '8', '--episodes', '1500', '--gamma', '0.99', '--learning_rate', '0.01']
average reward: 193.84, rewards = [150 145 134 372 281 228 381 137 137 247 233 119 145 255 126 266 267 127
 247 125 138 319 213 269 131 142 258 146 145 265 138 276 132 148 298 126
 136 470 121 142 132 125 144 216 168 147 138 200 149 131 232 251 220 138
 151 386 130 326 135 166 288 124 222 158 240 233 141 245 162 140 127 155
 135 140 304 302 132 123 149 154 156 126 144 138 150 137 140 260 241 218
 295 178 158 125 310 142 225 272 348 127]

['--hidden_dim', '8', '--episodes', '1500', '--gamma', '0.99', '--learning_rate', '0.1']
average reward: 289.81, rewards = [307 303 243 212 257 544 276 280 376 438 221 296 218 263 234 252 257 293
 219 247 339 293 245 239 210 425 371 222 231 343 325 260 207 394 333 225
 349 223 257 306 237 227 218 298 379 258 210 228 369 272 423 235 323 329
 270 267 348 316 315 344 300 249 329 256 310 290 230 217 418 291 226 303
 372 270 406 277 314 321 247 263 255 256 354 278 286 392 262 212 283 211
 222 244 391 385 373 247 234 309 251 248]

['--hidden_dim', '8', '--episodes', '4500', '--gamma', '0.9', '--learning_rate', '0.001']
average reward: 111.32, rewards = [112 110 111 110 110 105 109 110 114 112 114 115 111 109 113 112 112 115
 106 115 112 112 107 112 111 117 114 117 109 111 111 110 114 107 112 108
 107 109 105 109 112 113 109 106 107 108 117 110 112 112 119 110 114 115
 105 111 110 116 110 108 107 111 118 111 116 109 105 115 112 110 109 115
 112 111 110 111 111 114 112 110 106 114 110 115 119 115 116 112 108 111
 111 111 112 110 109 111 115 110 113 112]

['--hidden_dim', '8', '--episodes', '4500', '--gamma', '0.9', '--learning_rate', '0.01']
average reward: 111.42, rewards = [115 110 117 116 113 112 108 113 116 113 112 111 119 108 110 111 113 109
 105 112 108 112 109 116 111 113 115 114 117 114 112 114 110 112 112 113
 109 115 115 112 110 113 112 112 108 109 113 110 108 109 110 111 109 106
 109 113 107 112 109 107 108 108 112 114 114 111 116 116 109 111 109 115
 112 114 107 108 113 109 115 110 110 112 115 110 108 113 108 113 114 114
 110 108 108 109 114 107 113 111 106 115]

['--hidden_dim', '8', '--episodes', '4500', '--gamma', '0.9', '--learning_rate', '0.1']
average reward: 111.47, rewards = [106 109 116 115 109 109 116 117 111 113 106 114 109 105 108 113 108 115
 114 118 110 111 113 108 110 111 112 111 108 111 106 106 115 113 117 116
 116 112 116 109 107 112 111 113 112 108 114 116 111 105 113 109 117 107
 115 113 114 110 110 105 110 117 112 111 110 112 113 111 113 110 107 108
 111 116 115 110 109 111 113 113 107 113 115 115 110 108 116 108 115 117
 111 112 112 107 109 106 115 111 111 113]

['--hidden_dim', '8', '--episodes', '4500', '--gamma', '0.95', '--learning_rate', '0.001']
average reward: 112.38, rewards = [113 117 117 115 110 117 111 111 106 111 110 114 112 107 110 110 108 108
 116 115 114 109 108 112 110 111 118 115 109 117 113 113 113 108 116 107
 113 110 111 110 114 115 111 111 113 115 107 115 114 115 117 110 108 115
 110 109 111 117 108 114 114 112 112 117 110 119 114 114 114 114 108 117
 114 111 113 109 115 107 119 114 107 119 111 110 112 114 109 112 109 113
 116 114 117 111 109 118 110 107 113 116]

['--hidden_dim', '8', '--episodes', '4500', '--gamma', '0.95', '--learning_rate', '0.01']
average reward: 111.61, rewards = [115 114 114 107 111 114 114 114 107 111 106 113 105 114 110 117 106 113
 109 107 105 110 113 111 110 111 112 116 107 120 106 111 114 108 113 116
 110 114 114 108 107 110 110 111 113 110 113 115 115 116 112 115 107 108
 111 106 109 111 112 118 113 110 114 112 119 114 114 108 110 114 109 112
 114 112 117 116 109 108 106 115 110 113 106 113 112 113 111 116 113 110
 106 111 114 111 116 117 109 108 114 113]

['--hidden_dim', '8', '--episodes', '4500', '--gamma', '0.95', '--learning_rate', '0.1']
average reward: 111.14, rewards = [110 112 114 108 109 107 110 105 110 106 105 108 110 108 119 104 109 116
 115 112 116 108 114 111 106 107 113 111 107 112 116 113 117 114 116 113
 112 115 109 112 108 112 119 111 116 114 108 119 107 105 105 117 110 116
 110 117 111 109 107 107 108 109 117 112 115 117 107 116 108 108 108 107
 108 110 112 113 110 109 106 118 109 116 115 108 118 107 117 113 112 110
 114 107 106 114 110 117 107 110 113 106]

['--hidden_dim', '8', '--episodes', '4500', '--gamma', '0.99', '--learning_rate', '0.001']
average reward: 112.99, rewards = [111 106 106 110 110 112 107 111 116 113 106 112 115 113 112 116 111 109
 116 107 117 118 109 116 108 111 163 111 114 114 109 114 108 118 113 122
 112 116 106 110 116 116 111 115 113 114 107 113 112 106 118 144 115 112
 105 107 111 152 112 112 109 115 112 111 113 114 112 105 116 109 116 109
 117 112 113 114 114 108 114 110 111 112 109 110 112 107 111 109 112 111
 113 109 109 114 113 113 110 111 111 110]

['--hidden_dim', '8', '--episodes', '4500', '--gamma', '0.99', '--learning_rate', '0.01']
average reward: 111.37, rewards = [113 112 108 112 115 108 114 109 110 110 114 112 110 111 114 113 111 111
 114 110 108 115 107 109 107 116 110 112 110 108 110 114 111 107 111 111
 119 109 112 109 112 112 112 107 115 118 108 116 112 110 109 115 114 113
 112 111 112 114 109 106 113 107 106 108 116 108 109 107 112 116 109 114
 110 108 112 113 114 112 106 112 113 115 112 115 115 110 111 117 106 105
 113 112 114 110 112 110 113 107 118 114]

['--hidden_dim', '8', '--episodes', '4500', '--gamma', '0.99', '--learning_rate', '0.1']
average reward: 111.85, rewards = [117 114 114 117 114 108 112 108 109 112 106 114 114 114 119 116 119 115
 110 106 105 112 113 116 114 114 112 109 112 109 109 108 108 118 105 109
 115 110 110 110 115 114 111 108 118 105 111 117 117 113 117 107 107 112
 110 109 107 106 113 118 111 112 112 115 117 110 113 115 111 111 109 108
 111 112 114 107 111 118 106 116 108 118 110 108 111 110 105 117 112 116
 111 115 111 112 106 117 114 109 111 114]

['--hidden_dim', '32', '--episodes', '500', '--gamma', '0.9', '--learning_rate', '0.001']
average reward: 111.53, rewards = [114 111 113 114 115 114 107 116 112 117 112 112 114 108 111 109 104 115
 115 115 109 109 113 108 111 112 112 110 111 108 114 114 114 104 112 115
 108 117 105 119 113 104 115 106 119 111 111 116 110 114 112 106 111 107
 111 117 113 119 114 111 109 111 107 111 107 112 111 118 106 115 111 110
 111 116 116 107 112 108 110 107 110 113 109 107 114 113 114 108 108 110
 108 112 118 110 111 112 115 112 109 112]

['--hidden_dim', '32', '--episodes', '500', '--gamma', '0.9', '--learning_rate', '0.01']
average reward: 111.0, rewards = [109 117 118 113 111 107 113 105 115 107 111 108 107 112 111 110 107 109
 106 113 111 113 111 109 107 107 110 109 111 106 113 105 109 110 109 114
 115 109 109 113 112 110 118 110 110 110 112 111 109 110 112 104 115 113
 114 111 114 106 117 114 114 112 116 110 115 111 109 110 112 109 110 112
 109 113 115 107 114 106 114 111 113 108 107 110 111 116 113 110 111 111
 115 106 113 113 108 113 119 115 111 107]

['--hidden_dim', '32', '--episodes', '500', '--gamma', '0.9', '--learning_rate', '0.1']
average reward: 280.02, rewards = [428 254 257 360 266 226 346 234 466 225 394 249 269 343 315 297 249 287
 308 337 233 243 352 264 213 233 254 384 221 305 247 314 234 246 219 263
 272 270 226 244 264 247 372 260 314 206 399 379 240 262 317 260 267 290
 306 256 279 243 244 213 212 262 309 257 381 287 371 367 234 247 304 249
 241 279 224 240 243 231 298 310 375 262 384 315 226 222 294 250 236 253
 375 299 226 230 246 204 299 214 276 305]

['--hidden_dim', '32', '--episodes', '500', '--gamma', '0.95', '--learning_rate', '0.001']
average reward: 188.45, rewards = [110 256 215 108 227 252 319 170 110 111 205 108 204 115 107 114 113 110
 285 287 240 266 290 229 115 109 318 270 117 111 266 277 143 109 350 109
 107 245 427 109 245 113 116 277 259 110 112 149 108 300 108 248 109 109
 205 244 140 119 108 115 224 242 212 482 213 109 174 231 115 115 231 107
 310 128 323 111 377 227 116 110 106 114 109 230 276 118 209 187 352 229
 113 105 111 113 109 328 111 321 115 305]

['--hidden_dim', '32', '--episodes', '500', '--gamma', '0.95', '--learning_rate', '0.01']
average reward: 167.15, rewards = [276 108 108 110 117 107 362 221 111 217 226 277 114 110 110 324 112 371
 276 304 114 239 109 105 111 108 117 110 112 220 112 302 112 113 113 257
 105 226 245 262 119 217 342 107 275 113 113 117 110 112 221 230 115 342
 110 107 117 114 111 112 113 111 145 115 106 111 268 113 357 113 110 110
 258 113 263 249 117 108 105 267 110 270 110 213 228 233 111 109 112 115
 111 114 107 114 307 226 110 109 107 190]

['--hidden_dim', '32', '--episodes', '500', '--gamma', '0.95', '--learning_rate', '0.1']
average reward: 111.45, rewards = [113 107 118 111 110 109 110 113 110 108 111 113 113 109 113 112 115 113
 109 104 118 117 113 112 113 114 112 107 110 113 115 108 109 111 112 108
 111 111 114 112 113 113 112 117 111 112 116 113 107 110 110 110 108 108
 110 108 117 112 115 114 111 109 115 110 107 109 114 112 113 111 109 117
 114 107 106 110 111 113 106 109 111 116 111 114 110 107 111 110 108 116
 114 114 110 110 115 118 106 110 117 107]

['--hidden_dim', '32', '--episodes', '500', '--gamma', '0.99', '--learning_rate', '0.001']
average reward: 111.08, rewards = [108 109 116 109 107 110 111 114 117 111 110 113 113 110 112 116 109 108
 112 116 108 110 108 112 112 107 113 113 113 111 113 112 117 114 111 112
 112 108 112 107 112 111 111 110 112 109 109 111 108 106 110 111 110 117
 111 111 108 114 107 111 115 112 113 106 113 111 108 109 113 108 112 109
 112 109 112 110 109 112 114 108 114 114 111 106 110 109 111 115 116 108
 115 111 111 113 109 113 108 107 113 114]

['--hidden_dim', '32', '--episodes', '500', '--gamma', '0.99', '--learning_rate', '0.01']
average reward: 238.1, rewards = [327 299 385 222 265 334 326 227 140 191 260 178 167 202 157 257 156 266
 279 245 175 242 158 309 153 215 327 157 233 154 154 237 265 142 414 176
 266 254 149 229 153 350 267 445 149 175 210 275 176 211 330 150 198 376
 325 167 142 376 263 237 251 178 285 236 277 217 169 210 231 255 167 324
 338 149 257 220 161 184 340 202 325 412 307 241 223 279 220 181 288 178
 199 213 265 160 196 250 166 387 217 185]

['--hidden_dim', '32', '--episodes', '500', '--gamma', '0.99', '--learning_rate', '0.1']
average reward: 111.36, rewards = [115 112 111 116 113 112 109 116 112 115 111 112 112 108 112 109 106 113
 113 109 117 111 112 108 110 106 118 111 114 112 111 112 111 111 112 112
 107 112 109 106 109 107 105 110 106 109 110 118 113 113 114 111 111 109
 115 112 109 111 113 109 116 109 114 110 119 114 112 110 111 109 109 114
 116 111 111 111 108 109 109 106 110 113 111 118 117 107 112 110 106 104
 108 109 114 113 115 115 112 116 113 113]

['--hidden_dim', '32', '--episodes', '1500', '--gamma', '0.9', '--learning_rate', '0.001']
average reward: 111.6, rewards = [115 109 112 116 108 108 107 109 110 112 118 115 117 112 110 109 112 107
 117 111 111 111 118 111 106 117 112 116 112 105 108 118 108 110 119 110
 108 109 112 117 111 118 117 114 112 110 107 118 105 112 117 111 110 111
 109 107 110 111 118 115 114 113 113 107 106 110 116 110 116 113 114 117
 114 107 112 108 112 106 114 114 109 112 109 111 110 114 109 105 104 112
 108 114 114 109 113 119 107 112 108 110]

['--hidden_dim', '32', '--episodes', '1500', '--gamma', '0.9', '--learning_rate', '0.01']
average reward: 285.78, rewards = [206 260 267 243 371 316 228 212 317 292 358 295 343 297 331 417 325 312
 296 365 235 325 374 313 232 292 368 203 309 230 387 358 256 296 273 214
 332 387 236 256 240 234 216 232 236 218 245 301 235 252 324 345 375 244
 306 226 240 275 231 258 280 295 263 221 355 232 298 330 275 280 244 232
 247 365 239 277 252 292 215 258 345 243 335 452 311 238 218 227 410 455
 283 273 273 236 349 289 255 293 262 221]

['--hidden_dim', '32', '--episodes', '1500', '--gamma', '0.9', '--learning_rate', '0.1']
average reward: 280.3, rewards = [232 235 282 402 304 394 397 239 247 242 255 286 311 249 303 324 246 274
 318 214 238 286 229 373 261 232 432 292 231 266 331 215 243 280 252 303
 452 225 249 324 437 223 261 240 295 364 296 260 375 246 213 243 240 330
 239 295 267 240 311 275 230 236 362 230 243 214 226 228 332 268 219 335
 323 266 282 296 363 299 286 216 240 206 411 236 207 229 409 250 334 355
 221 295 251 243 266 247 228 264 223 343]

['--hidden_dim', '32', '--episodes', '1500', '--gamma', '0.95', '--learning_rate', '0.001']
average reward: 111.76, rewards = [119 110 109 110 110 106 116 109 115 111 115 115 109 115 117 108 112 113
 114 115 106 113 113 112 111 116 110 106 116 112 116 116 110 107 107 107
 109 110 118 110 114 108 112 113 109 109 107 110 110 110 115 114 113 109
 109 109 112 117 109 118 111 112 110 114 112 114 119 112 114 109 114 107
 118 115 115 109 113 112 107 109 111 111 109 117 111 109 111 109 114 112
 109 111 114 106 115 115 112 113 112 109]

['--hidden_dim', '32', '--episodes', '1500', '--gamma', '0.95', '--learning_rate', '0.01']
average reward: 278.23, rewards = [409 245 390 364 340 338 442 243 321 294 232 287 253 212 227 228 235 252
 280 218 300 231 263 422 245 248 308 587 242 238 257 229 244 308 280 217
 239 265 314 223 230 281 246 302 276 224 250 344 289 233 337 232 237 243
 234 226 431 374 278 229 260 258 267 259 234 238 215 264 249 269 357 308
 311 261 380 223 272 312 259 234 256 246 377 267 268 237 333 211 284 292
 226 350 251 268 215 245 267 297 231 306]

['--hidden_dim', '32', '--episodes', '1500', '--gamma', '0.95', '--learning_rate', '0.1']
average reward: 111.63, rewards = [111 109 109 110 112 118 108 115 112 106 111 105 112 110 110 112 106 117
 111 109 114 115 116 112 111 105 113 114 116 110 113 115 116 119 112 109
 116 111 110 111 113 111 114 113 116 118 110 107 106 107 108 112 114 112
 114 108 113 112 108 110 114 117 115 107 108 110 108 112 115 114 109 110
 108 111 110 113 115 108 110 110 114 113 114 108 112 114 114 111 110 114
 105 107 117 114 113 116 113 112 109 112]

['--hidden_dim', '32', '--episodes', '1500', '--gamma', '0.99', '--learning_rate', '0.001']
average reward: 111.04, rewards = [112 106 107 107 113 113 113 110 111 108 109 119 108 115 114 106 115 111
 107 111 112 112 110 112 108 111 109 111 117 112 112 109 113 111 108 110
 110 106 112 107 112 111 113 114 111 112 115 111 106 114 111 109 106 110
 114 112 110 108 115 111 113 110 109 113 112 109 112 112 110 111 110 108
 112 114 114 105 109 110 111 111 114 110 113 114 110 116 109 108 112 111
 113 108 111 111 115 110 110 106 118 118]

['--hidden_dim', '32', '--episodes', '1500', '--gamma', '0.99', '--learning_rate', '0.01']
average reward: 111.55, rewards = [109 114 117 111 115 113 109 109 113 115 109 113 118 117 107 109 111 111
 112 107 112 112 117 114 116 107 114 110 115 108 109 112 109 110 108 115
 117 111 111 114 112 113 111 109 116 107 115 109 107 117 112 114 106 110
 113 112 108 111 107 114 111 117 110 107 112 113 108 113 112 110 113 116
 112 107 119 111 107 114 116 116 111 116 107 110 114 108 106 114 107 108
 111 110 110 111 112 114 111 116 106 106]

['--hidden_dim', '32', '--episodes', '1500', '--gamma', '0.99', '--learning_rate', '0.1']
average reward: 110.94, rewards = [115 108 109 116 117 110 105 116 112 108 106 111 113 110 112 111 112 109
 110 114 108 117 114 109 111 107 110 117 112 110 110 106 112 116 113 117
 105 108 112 108 111 111 110 114 107 112 112 107 108 106 111 111 119 111
 111 108 113 109 107 117 113 111 113 114 111 114 110 107 111 111 105 111
 117 113 111 109 106 115 107 114 110 113 110 112 116 109 109 113 110 110
 107 110 108 105 118 113 107 108 114 108]

['--hidden_dim', '32', '--episodes', '4500', '--gamma', '0.9', '--learning_rate', '0.001']
average reward: 201.33, rewards = [288 295 138 235 302 132 243 121 135 238 216 116 120 280 151 253 130 261
 143 128 121 307 224 226 126 126 126 247 128 235 249 129 315 262 144 133
 223 145 120 336 126 227 129 123 130 128 217 126 123 115 317 315 220 266
 270 125 345 229 236 283 141 264 135 133 232 210 123 163 191 146 363 130
 281 216 244 412 128 245 126 157 124 248 120 247 238 125 233 256 254 132
 122 279 251 181 125 292 296 152 125 396]

['--hidden_dim', '32', '--episodes', '4500', '--gamma', '0.9', '--learning_rate', '0.01']
average reward: 111.13, rewards = [111 113 109 112 107 108 109 108 113 108 116 115 110 112 114 114 109 111
 115 108 106 108 114 106 107 106 115 110 112 113 114 114 114 114 112 109
 109 111 109 110 114 111 111 112 106 111 110 118 105 109 112 111 114 112
 107 109 115 111 111 109 110 116 113 117 110 113 113 108 108 105 114 113
 112 108 110 117 113 112 116 110 116 111 112 111 109 113 115 116 106 105
 111 113 109 118 109 111 109 107 110 111]

['--hidden_dim', '32', '--episodes', '4500', '--gamma', '0.9', '--learning_rate', '0.1']
average reward: 111.21, rewards = [109 111 107 108 109 112 112 111 107 109 111 110 111 109 109 109 110 112
 119 111 109 112 108 111 109 110 113 114 104 111 111 111 108 117 110 112
 110 113 105 112 113 113 114 105 111 114 112 109 116 115 110 106 115 106
 118 113 108 112 112 110 113 114 113 111 112 109 115 114 110 109 110 112
 107 113 107 116 113 116 114 110 115 108 111 109 115 115 105 111 107 107
 114 114 106 110 113 117 119 111 114 114]

['--hidden_dim', '32', '--episodes', '4500', '--gamma', '0.95', '--learning_rate', '0.001']
average reward: 111.21, rewards = [111 109 105 112 112 109 111 110 106 109 113 119 109 111 111 117 114 108
 114 110 113 111 113 113 110 107 109 104 109 115 107 114 106 109 114 110
 113 106 117 111 113 109 105 107 113 115 112 113 116 113 118 113 113 113
 111 108 115 111 106 114 115 110 113 112 118 111 109 106 116 109 113 113
 112 112 112 107 111 108 113 113 110 113 114 115 106 113 114 109 109 107
 106 112 108 112 119 110 109 110 110 113]

['--hidden_dim', '32', '--episodes', '4500', '--gamma', '0.95', '--learning_rate', '0.01']
average reward: 110.81, rewards = [112 106 115 105 106 112 113 110 115 114 108 116 113 106 105 113 108 110
 112 108 110 109 110 110 110 112 110 111 111 109 112 112 111 111 115 107
 107 109 115 115 109 113 106 117 109 112 110 106 110 112 112 109 109 108
 114 107 111 111 112 118 109 110 110 111 114 109 118 109 117 106 115 112
 112 107 107 110 113 118 111 112 110 110 110 114 108 116 112 113 111 105
 110 109 112 114 110 114 112 107 110 106]

['--hidden_dim', '32', '--episodes', '4500', '--gamma', '0.95', '--learning_rate', '0.1']
average reward: 111.51, rewards = [115 116 116 113 113 113 109 113 107 114 109 109 107 110 116 111 117 111
 116 109 108 111 107 110 112 112 109 112 113 112 109 108 116 110 113 109
 114 114 113 108 110 115 118 107 115 114 111 107 112 114 111 108 111 114
 115 114 111 115 112 112 113 113 117 108 108 111 110 115 111 115 105 110
 112 114 110 114 112 109 108 109 117 114 109 106 116 109 114 112 117 108
 115 111 108 106 111 105 104 112 114 109]

['--hidden_dim', '32', '--episodes', '4500', '--gamma', '0.99', '--learning_rate', '0.001']
average reward: 111.58, rewards = [111 111 112 114 115 106 116 110 109 116 117 109 106 110 109 115 106 118
 115 112 106 111 109 108 114 116 116 106 116 110 117 112 115 105 116 105
 105 109 108 115 111 112 107 105 113 115 116 114 119 117 109 113 117 118
 113 113 107 110 116 111 109 112 109 115 112 114 109 109 114 115 108 112
 108 113 105 109 110 108 105 111 114 115 113 119 110 111 113 113 110 112
 111 111 118 111 113 110 105 111 110 109]

['--hidden_dim', '32', '--episodes', '4500', '--gamma', '0.99', '--learning_rate', '0.01']
average reward: 111.64, rewards = [117 111 108 114 105 112 111 116 115 112 111 115 109 108 114 109 117 109
 108 113 110 108 109 115 114 107 117 118 110 109 106 115 110 119 111 112
 105 110 117 112 107 118 107 109 116 106 109 114 114 111 108 113 106 115
 111 110 118 112 107 108 116 106 106 110 112 114 110 111 113 116 116 114
 109 110 117 116 108 112 112 106 114 113 114 112 109 107 109 107 112 110
 114 117 114 114 114 119 110 112 112 110]

['--hidden_dim', '32', '--episodes', '4500', '--gamma', '0.99', '--learning_rate', '0.1']
average reward: 110.97, rewards = [109 105 112 119 113 108 113 111 112 113 112 114 109 111 109 109 111 108
 113 118 108 112 110 111 116 112 114 106 110 108 115 107 105 109 111 117
 114 113 109 115 110 114 107 108 108 119 105 112 105 107 112 106 111 111
 111 114 116 108 111 112 110 111 107 111 112 112 117 108 113 113 109 111
 109 105 111 110 111 110 115 111 106 117 114 110 111 110 112 114 111 114
 115 112 106 115 109 113 110 108 110 106]

['--hidden_dim', '128', '--episodes', '500', '--gamma', '0.9', '--learning_rate', '0.001']
average reward: 291.49, rewards = [280 221 236 259 238 316 374 584 266 278 225 386 245 321 250 408 329 325
 291 267 270 524 336 320 247 223 216 277 259 229 254 219 234 355 227 238
 373 356 268 221 293 321 270 248 296 340 254 217 300 249 239 249 357 254
 228 311 273 250 418 263 251 289 316 431 307 360 275 223 279 237 263 239
 397 301 269 313 351 352 299 242 279 271 282 308 234 236 377 206 363 209
 251 329 226 231 345 261 230 279 443 420]

['--hidden_dim', '128', '--episodes', '500', '--gamma', '0.9', '--learning_rate', '0.01']
average reward: 111.58, rewards = [110 111 114 109 116 113 117 108 112 113 114 107 110 108 110 112 115 107
 109 113 113 111 107 114 113 109 111 107 110 113 115 111 109 109 106 107
 115 111 115 115 114 116 113 118 112 107 113 109 107 109 115 112 114 109
 115 114 110 109 111 112 110 106 108 112 109 116 114 106 108 115 110 110
 114 112 111 115 113 110 117 107 113 117 106 113 119 113 112 118 107 115
 112 106 107 117 111 108 110 111 116 116]

['--hidden_dim', '128', '--episodes', '500', '--gamma', '0.9', '--learning_rate', '0.1']
average reward: 274.99, rewards = [399 426 232 240 316 210 296 266 221 232 297 383 211 249 266 243 304 230
 213 228 266 298 277 296 285 328 290 285 290 231 273 212 262 253 248 299
 348 331 242 240 234 256 342 239 316 236 308 221 286 401 239 307 447 274
 236 295 251 244 222 258 213 236 280 235 232 265 248 276 219 314 340 205
 235 238 290 274 258 311 293 274 369 370 269 265 282 254 232 292 333 242
 268 246 356 278 281 215 278 230 296 279]

['--hidden_dim', '128', '--episodes', '500', '--gamma', '0.95', '--learning_rate', '0.001']
average reward: 178.68, rewards = [288 112 107 110 276 119 112 110 110 109 307 308 246 114 121 361 112 111
 281 232 176 302 313 279 273 263 264 214 110 118 283 114 456 220 113 113
 108 110 275 114 116 270 109 112 242 110 238 107 241 207 293 110 112 112
 109 109 113 109 315 106 110 116 394 295 402 246 269 327 214 114 237 108
 252 109 116 113 111 112 111 260 116 105 118 107 116 116 118 115 117 299
 235 108 112 109 115 293 111 113 113 112]

['--hidden_dim', '128', '--episodes', '500', '--gamma', '0.95', '--learning_rate', '0.01']
average reward: 282.59, rewards = [264 222 208 245 360 314 244 206 258 335 254 281 311 244 252 225 290 336
 235 263 247 246 297 296 204 259 421 300 215 296 217 273 242 243 299 263
 310 254 348 215 318 304 524 396 274 251 324 395 315 240 307 212 230 225
 307 236 320 233 212 237 278 210 321 268 390 259 409 218 239 447 338 216
 275 251 335 238 272 210 325 289 280 230 476 288 228 349 231 385 267 273
 323 328 343 275 263 215 227 228 377 233]

['--hidden_dim', '128', '--episodes', '500', '--gamma', '0.95', '--learning_rate', '0.1']
average reward: 110.78, rewards = [118 111 114 118 112 111 110 110 113 110 108 106 111 110 112 114 115 106
 113 106 113 114 115 110 116 106 107 117 116 109 113 107 105 111 109 106
 114 112 108 114 106 114 109 109 110 110 111 113 110 108 112 106 110 110
 114 114 113 111 111 108 109 110 111 113 110 108 107 107 107 107 112 117
 117 108 112 114 113 109 112 107 112 115 107 111 111 116 106 112 111 107
 111 110 110 106 107 109 111 113 109 115]

['--hidden_dim', '128', '--episodes', '500', '--gamma', '0.99', '--learning_rate', '0.001']
average reward: 174.87, rewards = [241 118 106 241 111 111 107 105 111 110 285 115 111 115 257 119 256 241
 109 231 109 113 106 340 111 323 498 115 364 264 340 108 114 111 231 106
 109 117 113 114 274 116 237 359 349 293 108 110 119 108 247 117 112 113
 219 115 266 112 111 304 112 114 228 116 116 113 340 110 113 259 109 114
 260 251 115 216 109 318 111 107 111 110 105 281 271 112 109 106 109 112
 113 226 283 224 107 266 110 230 263 113]

['--hidden_dim', '128', '--episodes', '500', '--gamma', '0.99', '--learning_rate', '0.01']
average reward: 111.24, rewards = [106 108 111 112 117 111 108 107 112 109 108 113 115 110 106 108 110 109
 110 114 110 106 114 109 117 107 111 112 109 112 113 110 119 119 112 112
 106 110 114 111 105 114 112 110 116 112 111 105 113 109 108 107 108 112
 109 106 111 112 118 112 115 114 110 115 114 114 110 109 113 113 116 110
 105 113 116 114 106 113 108 111 105 110 112 117 118 111 114 112 107 111
 115 110 118 108 108 113 111 107 117 114]

['--hidden_dim', '128', '--episodes', '500', '--gamma', '0.99', '--learning_rate', '0.1']
average reward: 111.74, rewards = [116 107 111 113 115 115 110 107 110 110 112 119 116 110 116 112 109 108
 114 107 106 110 108 109 110 117 110 109 120 114 106 114 112 113 110 112
 106 108 114 108 116 113 111 111 112 108 113 116 113 112 114 109 110 115
 108 112 115 117 111 116 118 113 107 118 115 111 111 112 110 110 113 114
 111 115 113 113 108 115 112 110 111 110 104 107 115 110 106 111 109 112
 116 114 117 113 118 106 116 106 114 105]

['--hidden_dim', '128', '--episodes', '1500', '--gamma', '0.9', '--learning_rate', '0.001']
average reward: 111.12, rewards = [111 117 112 114 106 109 111 107 109 107 116 112 110 112 109 115 110 118
 108 113 108 112 105 111 114 112 111 113 114 116 109 111 108 110 105 113
 111 109 112 114 117 110 110 114 110 114 112 114 112 112 109 106 111 112
 110 110 113 108 106 113 109 110 111 113 114 110 106 106 107 108 114 113
 106 113 118 106 113 107 115 112 108 111 114 109 110 106 115 116 107 115
 118 111 111 113 114 109 115 108 116 108]

['--hidden_dim', '128', '--episodes', '1500', '--gamma', '0.9', '--learning_rate', '0.01']
average reward: 111.76, rewards = [109 117 113 113 115 117 104 117 108 111 111 113 113 112 113 106 109 113
 110 107 114 111 110 115 114 112 117 107 113 108 115 109 115 110 113 115
 110 109 113 112 109 110 117 111 111 112 111 110 113 111 110 110 111 111
 110 112 106 117 112 111 112 116 112 110 107 114 116 109 107 111 112 114
 109 117 111 112 112 108 113 116 108 111 119 109 109 115 116 111 114 111
 113 107 114 112 108 115 115 110 113 110]

['--hidden_dim', '128', '--episodes', '1500', '--gamma', '0.9', '--learning_rate', '0.1']
average reward: 110.93, rewards = [112 108 108 109 108 106 113 106 108 107 107 112 108 115 114 107 108 110
 110 110 113 110 110 110 111 113 111 106 110 105 115 111 115 116 113 112
 114 111 107 112 108 115 115 108 115 115 107 114 110 115 112 118 111 111
 110 113 112 113 110 107 107 120 108 113 106 111 109 113 117 114 112 109
 114 109 114 111 111 111 113 112 114 114 112 104 115 110 107 105 109 110
 115 107 107 110 111 111 108 112 113 115]

['--hidden_dim', '128', '--episodes', '1500', '--gamma', '0.95', '--learning_rate', '0.001']
average reward: 288.57, rewards = [296 296 264 312 347 275 232 324 290 243 329 248 327 272 239 345 266 275
 228 321 310 265 246 253 228 263 258 368 318 345 427 291 375 243 278 332
 300 320 243 345 236 213 216 272 313 293 500 265 289 207 215 244 365 282
 361 382 217 244 275 267 283 220 354 262 226 296 278 211 216 243 256 266
 331 323 351 280 237 232 239 234 402 322 289 221 259 326 215 377 323 285
 274 209 458 320 284 228 326 419 266 323]

['--hidden_dim', '128', '--episodes', '1500', '--gamma', '0.95', '--learning_rate', '0.01']
average reward: 111.46, rewards = [117 111 105 114 115 113 112 110 115 112 112 113 117 113 106 105 110 109
 112 105 112 113 114 106 112 111 105 108 113 114 112 110 114 108 107 108
 109 115 115 109 109 110 108 119 112 108 106 111 112 113 112 119 106 107
 109 118 111 109 110 115 113 107 112 108 114 111 116 114 116 114 106 113
 111 110 110 117 109 108 113 112 114 112 109 113 115 118 112 113 116 115
 111 109 115 114 108 116 110 105 112 110]

['--hidden_dim', '128', '--episodes', '1500', '--gamma', '0.95', '--learning_rate', '0.1']
average reward: 280.94, rewards = [238 247 240 258 218 206 307 280 256 238 210 450 495 274 412 245 264 273
 281 244 234 268 224 226 306 356 326 329 213 260 329 300 215 241 231 296
 329 256 352 253 276 363 236 226 289 277 499 325 229 553 313 234 207 229
 288 244 232 233 240 342 312 238 218 352 242 306 272 265 346 212 291 236
 252 237 251 244 222 255 204 283 280 242 462 257 234 265 251 235 421 268
 271 247 249 346 236 228 214 451 424 260]

['--hidden_dim', '128', '--episodes', '1500', '--gamma', '0.99', '--learning_rate', '0.001']
average reward: 111.47, rewards = [118 111 118 111 110 108 107 107 109 117 118 109 111 116 116 112 106 108
 109 114 111 108 112 105 109 113 114 118 107 110 111 110 109 118 119 105
 114 109 112 108 116 112 111 111 109 115 112 112 113 110 109 115 110 112
 113 106 111 116 107 110 112 110 117 110 116 109 105 113 113 110 107 109
 113 107 112 115 114 113 110 110 118 110 110 107 111 107 114 113 113 111
 113 115 110 119 115 111 109 105 119 105]

['--hidden_dim', '128', '--episodes', '1500', '--gamma', '0.99', '--learning_rate', '0.01']
average reward: 204.29, rewards = [295 162 149 313 140 162 339 373 130 161 168 155 145 165 173 192 272 138
 247 255 193 121 143 257 116 132 122 214 250 310 213 274 166 133 302 197
 132 125 371 270 160 245 253 305 256 234 291 226 204 239 281 145 135 312
 142 145 131 232 407 129 269 246 330 347 212 162 132 124 130 165 132 172
 242 244 137 197 138 131 148 215 131 137 134 133 134 279 225 246 217 341
 133 205 127 253 341 145 315 146 129 138]

['--hidden_dim', '128', '--episodes', '1500', '--gamma', '0.99', '--learning_rate', '0.1']
average reward: 111.75, rewards = [116 107 109 114 117 112 112 107 109 109 113 115 109 110 114 110 114 119
 107 112 114 116 110 109 119 112 114 114 119 114 106 115 112 110 113 106
 113 114 115 110 111 109 111 113 106 108 111 111 113 107 110 110 109 116
 115 118 109 106 112 111 113 114 112 113 108 113 113 114 115 112 115 108
 113 115 110 108 114 107 112 114 115 114 111 109 112 111 112 111 108 113
 116 111 110 110 109 112 113 108 107 114]

['--hidden_dim', '128', '--episodes', '4500', '--gamma', '0.9', '--learning_rate', '0.001']
average reward: 111.0, rewards = [109 105 113 107 112 118 116 108 105 115 111 112 110 112 108 114 113 108
 110 112 115 108 109 112 109 114 110 106 115 111 106 113 108 110 110 113
 110 116 111 110 116 106 110 115 106 108 114 111 106 107 113 112 110 107
 113 106 114 114 117 115 110 111 114 108 109 114 116 111 114 104 108 112
 107 114 110 111 109 116 109 119 112 112 105 111 110 113 110 109 113 113
 111 109 115 110 110 110 110 112 118 107]

['--hidden_dim', '128', '--episodes', '4500', '--gamma', '0.9', '--learning_rate', '0.01']
average reward: 111.89, rewards = [107 113 116 110 109 112 106 110 112 114 116 120 116 112 112 116 113 117
 113 115 109 106 116 112 112 111 105 109 108 115 108 107 112 110 113 110
 116 105 110 115 119 112 113 116 107 115 106 116 105 111 112 118 110 111
 106 117 109 114 114 112 112 111 111 116 110 112 109 116 111 115 114 109
 109 112 114 110 110 110 105 112 110 107 109 110 117 114 118 113 120 112
 111 113 110 114 107 116 110 116 115 108]

['--hidden_dim', '128', '--episodes', '4500', '--gamma', '0.9', '--learning_rate', '0.1']
average reward: 111.66, rewards = [111 116 110 108 116 111 115 115 111 111 116 116 117 110 106 117 107 111
 112 109 111 107 111 110 109 108 113 108 110 114 111 111 108 113 113 108
 113 111 115 117 108 117 111 111 108 107 114 115 110 107 118 114 111 113
 107 106 112 110 115 113 107 110 106 109 115 113 111 114 112 112 112 109
 108 107 113 108 118 110 117 108 110 116 112 114 109 113 113 115 107 111
 114 109 113 114 115 115 113 111 114 116]

['--hidden_dim', '128', '--episodes', '4500', '--gamma', '0.95', '--learning_rate', '0.001']
average reward: 111.08, rewards = [111 111 115 109 109 111 113 109 110 110 119 110 108 116 109 115 111 105
 110 117 106 113 108 104 113 112 114 108 113 109 118 108 114 111 110 113
 112 113 115 110 107 109 110 111 106 109 108 112 106 115 113 109 112 107
 113 111 116 109 111 117 115 115 109 109 109 107 114 107 117 114 106 111
 109 110 112 113 108 108 106 112 109 110 114 110 107 114 106 114 116 110
 112 112 111 115 112 108 117 110 113 114]

['--hidden_dim', '128', '--episodes', '4500', '--gamma', '0.95', '--learning_rate', '0.01']
average reward: 111.77, rewards = [110 115 110 108 108 110 105 111 110 112 114 111 109 111 113 109 113 112
 114 109 110 114 115 107 114 114 112 114 116 112 105 115 114 105 115 118
 113 119 114 109 110 108 117 109 111 112 118 111 114 110 107 113 117 113
 117 118 105 109 112 106 117 111 108 107 113 111 119 113 113 118 106 111
 111 110 113 107 109 112 114 113 114 117 111 112 116 113 113 109 105 112
 111 106 113 112 108 109 110 114 118 112]

['--hidden_dim', '128', '--episodes', '4500', '--gamma', '0.95', '--learning_rate', '0.1']
average reward: 280.43, rewards = [252 282 388 263 215 242 226 224 259 241 239 259 227 322 327 308 472 315
 250 236 230 246 268 218 418 240 260 298 316 244 245 239 334 271 262 245
 226 220 214 288 263 384 249 295 238 242 301 239 314 220 236 314 234 243
 399 333 242 393 351 209 295 232 316 306 277 239 415 344 245 367 341 243
 307 238 238 274 304 323 244 266 257 452 283 208 279 285 248 275 235 252
 281 374 362 218 245 219 236 433 264 295]

['--hidden_dim', '128', '--episodes', '4500', '--gamma', '0.99', '--learning_rate', '0.001']
average reward: 224.83, rewards = [243 174 209 157 340 186 142 145 185 165 387 244 159 309 392 274 247 247
 158 194 170 219 258 348 430 250 163 160 229 136 239 285 224 334 253 263
 160 254 275 273 227 221 135 269 167 176 334 233 221 224 258 262 252 186
 334 197 394 419 296 256 281 269 166 160 257 205 156 242 170 196 167 153
 141 319 186 417 244 171 227 137 188 152 155 147 143 203 246 167 160 209
 212 190 219 174 152 146 152 239 151 273]

['--hidden_dim', '128', '--episodes', '4500', '--gamma', '0.99', '--learning_rate', '0.01']
average reward: 110.87, rewards = [105 114 110 109 113 113 113 111 109 107 114 112 116 108 111 110 113 107
 114 108 113 111 106 112 116 111 115 110 106 112 106 112 109 109 115 110
 106 110 107 107 112 110 115 114 109 110 112 109 113 110 117 112 108 117
 114 108 113 111 114 109 109 107 110 118 110 114 110 116 111 112 117 108
 109 107 111 108 108 107 109 112 113 115 112 118 109 111 107 109 104 112
 111 109 111 114 115 106 109 111 108 113]

['--hidden_dim', '128', '--episodes', '4500', '--gamma', '0.99', '--learning_rate', '0.1']
average reward: 110.32, rewards = [110 108 108 114 104 111 107 109 114 105 108 110 107 110 109 112 110 110
 108 108 116 108 110 114 109 107 114 110 106 116 111 106 111 110 109 108
 113 109 113 108 112 113 114 110 108 109 112 108 109 108 105 117 107 117
 106 108 112 108 108 110 114 115 108 114 108 117 115 114 114 112 113 113
 111 106 110 108 111 111 107 110 117 109 113 116 107 114 109 107 112 109
 116 110 110 105 105 106 115 116 107 107]

